0 0 0 0 0 0
-0.0039174 0.018144 -0.0086927 2.2192e-05 -0.00015441 -2.7393e-05
0.0034661 0.06994 -0.067256 0.00018168 -0.00022934 -5.7548e-05
0.017448 -0.0049054 0.00035272 0.00013139 -0.00057976 -0.00035616
0.023308 0.0050374 -0.16157 0.0002765 3.0683e-06 0.00084988
-0.027411 0.049019 -0.32337 0.00033226 -0.0014614 0.0010511
-0.030266 0.091232 -0.095942 0.0011969 -0.0017253 -0.00023592
0.0066722 0.019374 -0.12541 0.0016412 -0.0012088 -0.00076309
0.014898 0.07779 -0.059269 0.0014771 -0.0015295 -0.00094683
0.02402 0.056835 -0.046103 0.0017876 -0.0011309 -0.0017891
0.033148 -0.0051063 -0.028613 0.00079569 -0.001252 -0.001921
0.0524 0.068305 -0.0234 0.00060429 -0.0018547 -0.0023758
0.044753 0.041159 -0.056832 0.00028075 -0.00163 -0.0022041
-0.018224 0.0097439 0.038791 -0.00013218 0.00080469 0.00052232
-0.017939 0.043971 0.039041 -0.0004085 0.00052291 0.00020982
-0.025321 0.054522 0.085521 -0.00037906 0.00051342 2.1655e-05
0.029918 -0.020027 0.042078 -0.0013487 0.00054978 0.00059433
-0.069102 0.03626 -0.027893 -0.0021401 -0.00054446 -0.0007113
0.028417 0.082164 0.10694 -0.0025794 -0.00013715 -0.0015723
0.030976 -0.069797 0.06495 -0.0021609 7.984e-06 -0.0010395
0.018432 0.12282 0.10945 -0.0024359 0.00022365 -0.0010312
0.033836 -0.059264 0.09209 -0.0025913 0.00021781 -0.00089088
0.01356 0.028577 0.15081 -0.0025207 -1.3582e-05 -0.0012308
0.024612 0.042087 0.12216 -0.0023766 -0.0004498 -0.0013446
0.060501 -0.012902 0.12985 -0.003407 -0.00073024 -0.0018693
0.032185 0.059563 0.15255 -0.0026921 -0.00038717 -0.0013559
-0.023688 0.047411 0.045728 0.0012544 0.00017947 0.00033598
0.012339 -0.041903 0.021545 0.00064783 0.00083462 0.0003438
-0.029464 0.10086 0.088262 0.0010762 0.00099091 -0.00018095
-0.012426 0.0050239 0.046622 0.00093398 0.00065451 -0.00059882
-0.0020322 -0.0011699 0.0063798 0.00046987 0.00048608 -0.00040832
0.0061284 0.040271 -0.0044737 0.00066183 0.00073332 -0.00044467
-0.017221 0.055681 0.015724 0.00039871 0.0007022 -0.00028295
0.015084 -0.047238 -0.020576 -6.9621e-05 7.1708e-05 -0.00032947
0.0050007 0.062716 0.030676 -0.00039248 0.00061065 -9.7428e-05
-0.021598 0.029097 0.042446 -0.00035804 0.00034102 1.6937e-05
0.021057 -0.045245 0.026704 -0.00083971 0.00046272 0.00024431
-0.029386 0.061039 0.049734 -0.0011928 0.00049613 -7.208e-05
-0.0076901 0.031341 0.037958 -0.00056393 0.00025382 -0.00020107
0.026843 0.009189 0.038175 -0.00083695 0.00023659 3.2966e-06
0.00231 0.094079 0.078157 -0.00073623 5.2589e-06 -0.00010078
-0.0062342 0.014804 0.071965 -0.00075619 -0.00027857 -1.0025e-05
-0.015392 0.042236 0.082258 -0.0011052 -0.00036058 -0.00041059
0.044354 0.042208 0.096235 -0.001079 -0.0007747 -0.00010028
-0.003815 0.092445 0.088798 -0.00056107 -0.00069705 -0.00041689
0.029943 -0.018375 0.067387 -0.001063 -0.0010334 -0.00068831
0.016982 0.065286 0.097607 -0.0010558 -0.00046473 -0.00046439
-0.004681 0.046694 0.071337 -0.001154 -0.00061506 -0.00071583
0.045623 0.012669 0.069099 -0.0011879 -0.00024402 -0.00049583
0.0067469 0.034025 0.071986 -0.0014409 -0.00019007 -0.00025297
0.013162 0.044541 0.072208 -0.001339 -0.00047151 0.00016365
0.027797 -0.024276 0.053127 -0.0019362 -0.00029288 7.1732e-05
0.015018 0.04966 -0.031658 0.00052614 -0.00085294 0.00081018
-0.016424 0.040367 -0.024019 0.00013435 -0.00050069 0.00024031
-0.0022824 -0.01632 0.069998 -0.00058866 -0.00073188 -0.00010372
0.015077 0.020311 -0.0061621 -0.0004243 -0.0010324 -0.00018554
0.039978 -0.0096923 -0.038222 -0.00012694 -0.0012045 0.00021164
-0.0095932 0.13398 0.10529 -0.0013034 -0.001122 0.00087165
0.0026056 -0.044755 0.061803 -0.001456 -0.00072672 0.0012548
-0.010293 0.083748 0.077769 -0.001192 -0.00075032 0.0010202
-0.0021871 0.025467 0.02869 -0.00058705 -0.0009358 0.00085666
0.00091698 0.015842 0.016768 -0.0011116 -0.00072973 0.0011207
-0.021318 0.091022 0.0068921 -0.001225 -0.0010125 0.00055995
0.0017679 -0.025325 -0.01963 -0.0016483 -0.00095036 0.00069919
0.011919 0.10044 0.050335 -0.0017872 -0.0012122 0.0010787
0.011149 -0.012404 0.0072662 -0.0020309 -0.001072 0.00079078
0.019658 0.036663 0.038422 0.0018827 0.00099248 -0.00038216
-0.0099094 0.010434 0.018013 0.0015727 0.00080545 -0.00033494
-0.015541 -0.023604 0.03567 0.00096734 0.00031532 -0.00069779
0.025057 0.0095425 0.038325 0.00043445 0.00045639 -0.00047824
-0.020717 0.050591 0.020992 0.00094759 0.00056025 -0.0007134
-0.0083767 0.056693 0.028028 0.00097571 0.00062659 -0.00071997
0.0089332 -0.028584 0.041514 0.00053655 0.0005057 -0.00071566
0.010506 0.05375 0.10498 0.00073479 0.00028456 -0.00077987
-0.0046881 0.023857 0.042774 0.00069672 0.00040842 -0.0013209
0.040809 0.029479 0.04638 0.0010948 0.00040171 -0.0013848
0.035564 0.029419 0.042297 0.0011874 0.0013094 -0.00083281
-0.0066616 0.0074908 0.042568 0.0015464 0.0013715 -0.00069828
0.022782 0.0028421 0.028783 0.0012325 0.0013343 -0.00054163
-0.027782 0.072581 0.0020851 0.0010165 0.00080487 -0.00092423
0.0041418 0.02001 -0.047049 0.00057384 0.00082756 -0.00046582
0.025365 0.0050838 -0.023965 0.00047116 0.0010124 -0.00019294
0.005337 0.044961 0.021094 0.00081219 0.0010956 6.7377e-05
-0.018055 0.0098672 0.018903 0.00099251 0.0013032 0.00042085
0.018286 -0.038429 0.0031252 0.0010944 0.0012901 0.000291
-0.043012 -0.011213 -0.0094537 0.00058381 0.0013258 0.0001712
-0.012694 0.021571 0.032086 0.00087881 0.0010415 -6.712e-05
0.012335 -0.041869 -0.0056408 0.00056978 0.00067779 0.0002077
-0.0068163 0.021154 0.005932 0.0004724 0.00078356 0.00039391
-0.018108 0.036396 0.0017109 0.00099874 0.001005 7.0824e-05
0.012431 -0.025614 0.020602 0.0010529 0.0011782 -7.9581e-06
-0.032848 0.037807 -0.036393 0.0010601 0.0011322 5.0234e-05
-0.021085 0.049808 -0.047625 0.0017392 0.00061522 -0.00013518
-0.00098238 -0.013717 -0.074865 0.0012304 0.00061089 -0.00016034
-0.028166 0.012932 -0.080853 0.00090636 0.0009808 -0.00024498
-0.034273 0.037319 -0.070062 0.00077027 0.0008102 -0.00044095
0.0022798 -0.00037662 -0.055299 0.0012911 0.00071029 -0.00028368
0.036021 0.058179 -0.05578 0.0010521 0.0012965 -0.00010306
-0.029392 0.019163 -0.078609 0.0010687 0.0011122 0.00010339
-0.023666 0.0015938 -0.059187 0.0011741 0.0010383 -4.3726e-05
-0.0020631 -0.047895 -0.090257 0.00073301 0.00094498 8.8901e-05
-0.026363 0.040298 -0.016905 0.0011093 0.0010762 -0.00019194
-0.0074961 -0.031844 -0.039483 0.0013618 0.00086241 -0.00031213
0.011461 0.013467 -0.066484 0.00095697 0.0011903 -0.00029022
-0.038887 0.055225 -0.042092 0.0013907 0.0010217 -0.00017728
-0.021552 -0.027264 -0.05422 0.0011918 0.00062842 -0.00063705
-0.0074676 0.028094 -0.0396 0.0012879 5.7217e-05 -0.00082289
0.046067 0.068365 -0.041364 0.0016994 0.0004611 -0.00028823
-0.0093936 0.0077417 -0.099212 0.0017499 0.00061315 -5.9312e-05
-0.0027884 -0.0058399 -0.08821 0.0017078 0.00011637 6.1373e-05
-0.0071707 0.046399 -0.094655 0.0014054 0.0007268 0.00018429
-0.023888 0.072105 -0.11108 0.0022123 1.7362e-05 2.7742e-05
0.021545 -0.028415 -0.09538 0.0016963 -4.3179e-05 0.00039571
-0.016653 -0.0094636 -0.19361 0.0021909 -0.00017947 0.00036141
-0.031967 0.075579 -0.11559 0.0023912 -0.00052015 0.00018463
-0.020843 -0.059938 -0.10633 0.001857 -0.0013276 -2.5719e-05
0.025768 0.082781 -0.038594 0.0026374 -0.00081247 0.00019448
-0.0072201 -0.071556 -0.093828 0.0022332 -0.00058476 -3.2156e-06
0.0030855 0.0351 -0.018363 0.0020772 -0.00023145 0.00025416
-0.0019527 0.0073323 -0.06542 0.0027496 0.00020822 0.00010043
-0.003258 0.0090631 -0.059123 0.0019867 -0.00042409 -6.1135e-05
0.061595 0.028195 -0.072695 0.0024085 -1.2067e-06 0.00054841
0.0062243 0.054037 -0.0081557 0.0029208 -0.00021881 0.00093983
-0.05318 -0.046662 -0.022808 0.0025173 -0.00040926 0.00086792
-0.038669 0.048314 -0.041685 0.0021587 -0.00031778 0.00039559
-0.0010314 0.0093669 -0.029818 0.0024108 -0.00097617 -2.5267e-05
0.026529 -0.0178 -0.069636 0.0015251 -0.00063719 0.00049377
-0.019291 0.06181 -0.014616 0.0023322 -0.00092197 3.0733e-05
0.032056 0.015012 -0.062558 0.0022542 -0.00070655 0.00028895
0.019999 -0.026467 -0.090348 0.0020922 -0.0004911 0.00039809
-0.011386 0.052999 -0.012624 0.0023518 -0.00088283 0.0004854
-0.012051 -0.056618 -0.050433 0.0014485 -0.0013619 0.00028955
0.021803 -0.0069892 0.0094806 0.00046667 -0.0015937 8.3558e-05
0.017289 0.050172 0.045115 0.00092164 -0.0014333 0.00035407
-0.025531 -0.038512 0.021072 0.00087837 -0.00158 -0.00026998
0.046227 -0.028146 0.0058484 0.00038799 -0.0014225 -0.00041958
0.033769 0.063365 0.042328 0.0011913 -0.0010416 -9.2981e-05
0.023099 0.035142 0.030606 0.0013223 -0.0010091 -0.00022602
0.042568 -0.03503 0.054794 0.00097763 -0.0010784 -2.4501e-05
-0.0023118 0.042185 0.042338 0.00037442 -0.0014007 -0.00032316
0.036155 -0.011862 0.030763 0.00093178 -0.0011154 -0.0005678
0.015886 0.021142 0.0080669 0.00038009 -0.0012075 -0.00027685
0.027187 0.051768 0.0023434 0.00075978 -0.00099345 -0.00028432
0.0086292 0.0012498 -0.0019673 0.0013448 -0.00092247 -0.00038648
0.017564 -0.0023127 -0.028097 0.00046061 -0.001179 -0.00016238
0.045967 0.087945 0.019112 0.0011264 -0.0011377 3.2515e-05
0.018692 -0.048766 -0.021117 0.00034856 -0.0012105 4.2772e-05
0.040176 0.031672 0.029176 0.00067073 -0.0011587 0.00015438
0.024547 0.011052 0.068835 0.00099925 -0.00073528 0.00059357
0.02096 -0.030374 0.042442 0.00045549 -0.0009302 0.00085658
-0.0047178 0.006233 0.093949 0.00078929 -0.001058 0.0007688
0.00331 0.014904 0.050733 0.00065427 -0.00096716 0.00085572
0.0091995 -0.0015357 0.038016 0.00091549 -0.0011959 0.00076422
-0.00222 0.024691 0.068983 0.00079181 -0.0011053 0.00065352
0.023395 0.034484 0.062823 0.0010275 -0.0010203 0.00070842
0.011527 -0.016982 0.058693 0.00099834 -0.0010418 0.00035269
0.027795 0.02224 0.026839 0.0010278 -0.0010866 0.00069502
-0.021194 0.029157 -0.00054461 0.0011724 -0.00094292 0.00027892
0.0072837 -0.017929 0.0285 0.0010252 -0.00061057 0.00041203
0.014803 0.039886 0.033903 0.0014337 -0.00095206 0.00012256
0.015489 0.016096 0.027167 0.0014618 -0.00053753 0.00047525
0.016763 0.028571 0.0016977 0.0021975 7.6924e-05 0.001537
0.012518 0.020147 -0.0045174 0.0033566 0.00010493 0.001466
-0.083909 -0.036512 0.0039034 0.0014834 -0.00085256 0.00071175
0.018711 -0.0060946 -0.035123 0.0013408 -0.00095878 0.00058342
0.0055969 0.023525 -0.0065657 0.0021264 -0.0012569 0.00050223
0 0 0 0 0 0
0.009731 0.0027414 0.043648 -0.00026197 -0.00037874 0.00058774
-0.030065 0.023809 0.029393 -0.000462 -0.0001394 0.0011017
-0.052949 0.041865 0.042493 -0.00066692 -0.00082827 0.0013789
-0.0056507 -0.0076465 0.068982 4.4109e-05 -0.0011856 0.00084555
-0.013738 0.043651 0.099951 -0.00044655 -0.00055117 0.0012894
-0.043045 0.024404 0.047671 -0.00049825 -0.00048442 0.00062696
-8.988e-05 0.029009 0.097929 -0.00017759 1.2703e-05 0.0011135
-0.039589 0.002212 0.096711 -0.00083423 -0.0007237 0.0011369
-0.03122 -0.027074 0.12107 -0.001291 -0.00056585 0.00060768
0.010048 0.0046057 0.10128 -0.0016394 -0.00033264 0.00074378
0.0011849 0.052605 0.11885 -0.0010847 9.0749e-05 0.00098205
0.002033 -0.0074498 0.04045 -0.0010399 0.0003397 0.0012808
-0.01354 0.014283 0.04795 -0.0015971 0.00093695 0.0017942
-0.059386 0.073155 0.07247 -0.00098948 0.0011063 0.0017031
-0.034434 -0.015021 0.07472 -0.0011163 0.0015767 0.0022865
-0.060505 0.026608 0.058198 -0.0019176 0.0015305 0.0024157
-0.045258 0.024836 0.087207 -0.0013476 0.00083116 0.0015827
0.0049907 -0.056056 0.0020098 -0.00033401 -0.00031123 -0.00090811
0.0048609 0.082772 0.04822 -5.6574e-05 5.9221e-05 -0.0010196
0.0061882 -0.031829 0.05303 -0.00036655 -0.00041137 -0.0013775
0.0152 -0.058822 0.03686 -0.00089574 -0.00027958 -0.00084439
-0.0028491 0.018511 0.071061 -0.00042133 -0.00069194 -0.0013451
-0.00070712 0.029596 0.061538 -0.00015234 -0.0007182 -0.0019111
0.056901 -0.038096 0.020189 -0.00065635 -0.00081956 -0.0018026
0.02232 0.073626 0.057029 -0.00062498 -0.00073179 -0.0020757
0.036887 0.065904 0.042302 9.3062e-06 -0.00090863 -0.0020218
0.041232 -0.016612 0.032191 -0.00076525 -0.00076153 -0.001498
0.018283 0.07021 0.077171 0.00020001 -0.00079992 -0.0020541
0.017499 0.023256 0.047474 -0.00058362 -0.00079906 -0.0019838
0.059977 -0.011858 0.040817 -0.00014203 -0.00096728 -0.0018439
0.00052822 0.089881 0.045543 -0.00092151 -0.00063005 -0.0019108
0.03637 0.011319 0.024929 -0.00040651 -0.00057 -0.0018329
0.030586 0.031472 0.028459 -0.00028469 -0.00026749 -0.0012167
0.014483 0.039882 0.044225 -0.00045453 -0.00055114 -0.0013584
0.034336 -0.014159 0.047121 -0.00083596 -0.00039055 -0.0012905
0.012414 0.026247 0.084559 -0.00080467 -0.00050572 -0.0012785
0.009202 0.0012756 0.067069 -0.0009337 -0.00043969 -0.00091173
0.02168 -0.015466 0.06168 -0.00086524 -0.0006339 -0.0013114
0.025803 0.054752 0.077067 -0.00065544 -0.00047105 -0.0010557
-0.0021415 0.026958 0.078137 -0.00046397 -0.00087247 -0.0015914
0.023291 -0.0037301 0.067369 -0.00086002 -0.0011636 -0.0018827
0.033983 0.087244 0.064093 -0.00083639 -0.00099886 -0.0020886
0.017844 0.015852 0.0506 -0.00085591 -0.0011022 -0.0026931
0.072249 0.00029641 0.033511 -0.00085212 -0.0011667 -0.0026597
0.015959 0.11253 0.058906 -0.00043278 -0.0010685 -0.002485
-0.011713 -0.012727 0.073339 2.2015e-05 0.00066945 -0.0001068
-0.036606 0.031083 0.13896 0.00028315 0.00012462 8.8455e-05
-0.011438 -0.032363 0.00064084 -0.00014602 -2.5296e-05 -0.00028344
-0.014015 0.047254 0.05094 -2.384e-05 1.5273e-06 -0.00014832
0.002448 0.058932 0.11307 -0.00058616 0.00021354 0.0010954
-0.053759 -0.077116 0.13494 0.00030318 -5.4733e-05 0.00081697
-0.0045584 -0.0069868 0.069159 -0.0003475 0.00035316 0.0010644
0.0074835 -0.0093464 0.11007 0.00012531 0.0010033 0.0017065
-0.054399 0.033004 0.2072 0.00022643 0.00097306 0.002163
-0.075485 -0.04192 0.098947 0.00018157 0.00056853 0.0011282
-0.024287 -0.0040891 0.10291 -9.9648e-05 0.00065727 0.0015302
-0.037763 0.070024 0.15582 5.5969e-05 0.00080448 0.0015455
-0.026265 -0.028025 0.15962 0.00028193 0.00063417 0.0015017
-0.048984 0.035746 0.14092 -0.0002797 0.00044484 0.00139
-0.047745 0.06417 0.11376 0.00030538 0.00023381 0.0010775
-0.020711 -0.038198 0.08652 -0.00035694 0.00085929 0.00083837
-0.051977 0.030495 0.15467 -0.00078135 0.00066237 0.0011279
-0.036049 0.012176 0.13764 -1.0213e-05 0.00066732 0.00074541
0.0020455 -0.058432 0.13245 -0.00098216 0.00084475 0.0015643
-0.022274 0.065937 0.16313 -0.00023365 0.00098565 0.0017574
-0.025696 -0.0093164 0.15957 -0.00081679 0.0012345 0.0023158
-0.020846 -0.052413 0.16692 -0.00036887 0.00088942 0.0020203
0.0068881 0.066937 0.033946 8.5866e-05 -0.0010845 -0.0010472
0.038424 0.013254 -0.030007 -0.00023525 -0.0010855 -0.00080159
-0.00069935 -0.012057 0.027465 -0.0001027 -0.00080876 -0.00098834
0.024281 0.073005 0.04682 -0.00022267 -0.0009162 -0.00079861
0.0031809 0.0045244 0.071934 -0.00050818 -0.0012566 -0.00082274
0.023333 0.042139 0.046577 0.00020062 -0.00087349 -0.00074878
-0.0062983 0.070349 0.070846 0.00025314 -0.00084453 -0.0010427
-0.0022346 -0.011414 0.011816 -6.0545e-07 -0.00080142 -0.0012419
0.016174 -0.0018456 -0.0072414 -0.00048115 -0.00062728 -0.0012252
0.010921 0.08264 -0.014974 -2.7759e-05 -0.00085392 -0.0012729
0.016864 0.031054 -0.031375 3.9376e-05 -0.00050993 -0.001379
0.0077264 0.013077 -0.072498 -0.00064033 -0.00049725 -0.0016718
0.031221 0.095978 -0.022271 -0.00026653 -0.00061491 -0.0012478
0.015238 0.0285 -0.05311 1.5678e-06 -0.00070551 -0.0013961
0.050681 -0.025911 -0.074955 -0.00054094 -0.00031478 -0.0008348
0.028002 0.031627 -0.049357 -0.00021943 0.00021095 -0.00025077
-0.0049001 0.043863 -0.046213 0.00041429 0.00070159 -0.00010883
-0.02538 -0.034093 -0.076431 -0.00025414 0.00074736 9.3625e-05
-0.026823 0.070323 -0.043671 0.0003552 0.0010142 0.00018269
-0.025727 0.025748 -0.063308 0.00077398 0.001208 -8.4771e-05
-0.020904 0.0043984 -0.046809 0.00087354 0.0015949 0.00027765
-0.023295 0.058228 0.0062371 0.00048608 0.0011597 0.00049067
-0.033859 -0.0044317 -0.012719 0.00060932 0.0011843 0.00041041
-0.042183 0.073793 0.011132 0.00058982 0.0010114 0.00042954
-0.02792 0.046094 -0.027901 0.00094113 0.00090388 0.00050038
-0.042497 0.014232 -0.012209 0.0013964 0.00080532 0.00042226
-0.035734 0.06514 -0.0013347 0.00061008 0.00086798 0.00090126
-0.066293 0.023615 -0.034995 0.00037026 0.0012385 0.00059633
-0.030277 0.017439 0.037752 0.0012426 0.00064813 0.001837
-0.024797 0.02135 -0.061701 0.00046123 0.00065001 0.0015296
-0.051336 0.061871 0.0099791 -5.8081e-05 0.00054848 0.0014668
-0.043659 -0.016186 0.092855 -0.00047217 -0.00017501 0.0019533
-0.049656 0.03572 0.063463 -0.00076603 -0.00025359 0.0011491
-0.032256 -0.019262 0.063232 -0.00053052 0.00019831 0.001042
-0.028086 0.065511 0.083105 -0.00028102 0.00021033 0.00092101
-0.015563 -0.028356 0.061323 -0.00019528 -1.262e-05 0.00091886
-0.017131 0.0073762 0.068505 -0.00055217 -0.00026307 0.0012353
-0.017772 0.1041 0.073444 0.00033041 2.3424e-05 0.0010317
-0.033331 -0.0027826 0.030827 -7.9463e-05 8.1348e-06 0.00079402
-0.016484 0.032983 0.0343 -8.592e-05 0.00036665 0.00092568
-0.034059 0.095727 0.045217 1.9515e-06 -1.504e-05 0.0009863
-0.014238 -0.046807 -0.002556 0.00011663 0.00025949 0.00076049
-0.019118 0.11197 0.070077 0.00025345 -0.00013413 0.001374
-0.039028 0.019341 0.034059 0.00063827 4.9767e-05 0.0010909
-0.024752 -0.029433 0.017622 0.00040711 0.00076497 0.0014585
-0.045802 0.066238 0.024802 -4.1286e-05 0.00071709 0.0014272
-0.048032 -0.050117 0.0025173 -0.00015258 0.00084185 0.0011478
-0.030091 0.067437 0.044147 -0.00041716 0.0004488 0.0013473
-0.059629 -0.0070207 0.030595 -0.00040591 0.00053008 0.0012659
-0.022147 -0.016068 0.057965 -0.00041952 0.0006769 0.0014177
-0.0099768 0.020603 0.1214 -0.00031727 0.00045125 0.0016633
-0.034314 -0.046429 0.13025 -0.00037164 0.00032305 0.0019682
-0.057207 -0.01836 0.050698 -0.0005447 0.00059195 0.0016072
-0.057143 0.061134 0.093512 -0.00031712 0.0003363 0.0013818
-0.021713 -0.026939 0.089772 -4.9133e-05 -4.4363e-05 0.0013258
-0.041029 0.028266 0.10369 7.0404e-05 0.00047116 0.0012965
-0.027679 0.05468 0.10289 0.00037694 0.00023737 0.0012248
-0.033452 -0.032622 0.10343 0.00045288 3.897e-05 0.00096907
-0.012516 0.021755 0.12361 -3.2066e-05 0.00023915 0.0014747
-0.035008 0.032562 0.16076 -0.0004545 0.00016582 0.0014832
-0.031489 0.0052662 0.12399 0.00015526 0.00014842 0.0012788
-0.029546 -0.0093368 0.10277 -0.00015151 0.00013723 0.0013794
-0.022106 0.0014948 0.12256 1.7283e-05 -3.9067e-05 0.0015031
-0.023742 -0.059088 0.11442 -7.3029e-05 -9.4063e-05 0.0015821
-0.021027 0.03057 0.17059 0.00022125 -0.00035487 0.0013373
-0.035842 -0.0059936 0.1355 0.00026579 -0.00027506 0.0012506
-0.021976 -0.056832 0.10347 -0.00036983 -0.00052345 0.0010743
0.00032876 0.021162 0.12975 0.00030865 0.00025826 0.0013724
-0.02564 0.0043308 0.17235 0.00095246 -0.00017255 0.0013323
-0.015479 0.011766 0.17238 0.00038744 -0.0007066 0.0013375
-0.0067628 -0.012006 0.14429 0.000541 -0.00081731 0.0012984
-0.0095582 -0.00939 0.17009 0.0005672 -0.00029272 0.0015731
-0.036984 0.037855 0.18074 0.00081716 -0.00059352 0.0014056
-0.014164 -0.0089756 0.14277 0.00076174 -0.00065249 0.0014076
-0.032273 -0.05058 0.11588 -0.00013252 -0.00059155 0.0014486
-0.028811 0.066354 0.13039 0.0001755 -0.00069031 0.0014027
-0.022948 -0.038623 0.1354 0.00023949 -0.00082423 0.0013002
-0.00063673 0.014243 0.15494 0.00025042 -0.00069981 0.0016081
-0.022125 -0.0074159 0.16002 -6.2257e-05 -0.00096411 0.0013738
0.0047807 -0.039766 0.16961 0.00029648 -0.00097161 0.0014159
-0.024548 0.013838 0.19469 0.00022454 -0.00091914 0.0014237
-0.017465 -0.082302 0.12029 -0.00022758 -0.00096098 0.0013688
-0.033956 0.049143 0.19489 -0.00025595 -0.00089226 0.0015361
-0.031758 -0.023856 0.18972 0.00028834 -0.0007801 0.0012607
-0.011742 -0.0097034 0.18694 0.00019529 -0.00035301 0.0012185
-0.0049846 0.031189 0.19798 0.00050396 -0.00047536 0.0012906
-0.010628 -0.013823 0.21697 0.00059373 -0.0004891 0.0012462
-0.010968 0.011212 0.22717 0.00041294 -0.00014099 0.0012921
-0.028446 0.020967 0.20403 0.000196 -0.00023942 0.0014506
-0.021354 -0.031238 0.16248 8.952e-05 -0.00038732 0.0016083
-0.01311 1.1622e-05 0.15397 0.00034351 -0.00011208 0.0016368
-0.048452 0.076826 0.15757 0.00068745 -0.00045615 0.0015255
-0.018397 -0.057414 0.13536 0.00073507 -0.00069335 0.0015272
-0.024633 0.011975 0.16034 0.00022141 -0.00031592 0.0013523
-0.021175 -0.011886 0.15445 0.0005115 -0.00028781 0.0013999
-0.011366 -0.061991 0.14011 0.00049454 -0.00014391 0.0014328
-0.026542 -0.0086543 0.13451 -0.00012902 -0.00021303 0.0014347
-0.04333 0.040781 0.14715 0.00053198 -0.00034084 0.0013434
0 0 -7.1054e-15 0 0 0
0.0041988 -0.046971 -0.042581 -0.00022917 -0.00019004 -0.00043451
0.040579 -0.044638 -0.015487 -0.00010657 -1.4817e-06 -0.00014974
0.016216 -0.010014 -0.0091205 -0.00023032 -7.9157e-05 -0.00061296
0.020525 -0.050586 0.0011314 -0.00037546 -0.0003689 -0.00048822
0.029285 -0.0062175 0.037651 -0.00016724 -0.00017815 -0.00039623
0.012776 -0.035318 0.029415 -0.00043078 -0.00011765 -0.00027353
0.040667 -0.082375 0.029179 -0.00033554 -0.00041316 -0.0004281
0.036973 0.040698 0.060123 0.00037618 -0.00018037 -0.00037857
0.066996 0.014763 0.041856 0.00011232 -9.0012e-05 -0.00042122
0.029007 -0.050036 0.064478 0.0002795 1.8508e-06 -0.00079815
0.021652 0.03753 0.062405 0.00015982 9.8246e-05 -0.00047732
0.015779 -0.057402 0.029894 0.00017464 7.5663e-05 -0.00081287
0.020752 -0.018837 0.024643 8.2856e-05 0.00012994 -0.00098373
0.01785 0.052325 0.054803 0.00029791 -2.6071e-05 -0.00078489
0.06891 -0.056152 -0.014152 0.00036397 0.0003309 -0.00087042
0.021102 0.0066146 -0.0039524 -0.00040649 0.00038634 -0.00064181
0.022464 -0.0090579 -0.019607 -0.0006433 -1.9575e-05 -0.00056212
0.04633 -0.047162 0.00072132 -0.00019935 0.00037918 -0.00045719
0.036899 -0.017671 0.01179 -0.00021399 0.00011375 -0.00091439
0.022863 -0.051314 0.022385 -0.00030288 0.00024829 -0.001082
0.028118 -0.011 0.045271 -0.00044303 -0.00012592 -0.000772
0.034193 -0.049058 -0.0014792 -0.00037017 7.9077e-05 -0.0012028
0.028654 0.016076 0.028442 -0.00010201 8.4982e-05 -0.0012619
0.024757 -0.0057636 0.037136 -0.00025297 0.00054866 -0.0014628
0.049608 -0.087523 0.070206 -0.00044589 0.0004343 -0.0014345
0.071187 0.0089596 0.027111 -0.00038719 0.00033891 -0.0011642
0.03231 0.0057933 0.037996 -0.0003655 9.944e-05 -0.0011268
0.055156 -0.053674 -2.591e-05 -0.00021931 -0.0001245 -0.0014272
0.037763 0.044002 0.034326 -1.0726e-05 -0.00033044 -0.0013662
0.039166 -0.0014972 -0.0067003 0.00020029 -0.00016099 -0.0013373
0.029012 -0.053067 -0.045316 -0.00052827 0.00015332 -0.0016248
0.04217 0.026878 -0.056092 -0.00074145 -0.00015471 -0.001548
0.051441 -0.025646 -0.038576 -0.00044887 -0.00032317 -0.001541
0.072307 -0.047141 -0.054949 -3.7436e-05 0.00019101 -0.001323
0.0098957 0.037797 0.085055 -0.00033907 -0.00016745 -0.0013497
0.060503 -0.12872 -0.065324 -3.2236e-05 -0.00010226 -0.0013445
0.043368 -0.013013 0.0149 -0.00071044 -0.0002275 -0.0013264
0.064261 -0.085308 -0.024334 -0.00034891 -0.0002048 -0.0013205
0.037982 0.057362 0.013842 0.00023879 0.00029147 -0.0010333
0.049038 -0.058995 -0.0077274 0.00067899 0.00016371 -0.0015368
0.037367 -0.0088668 0.083707 0.00071014 0.0013746 -0.0015946
0.019779 -0.022923 0.023242 0.00052027 0.0015593 -0.0017198
0.030967 -0.073433 0.08332 0.00039604 0.0017216 -0.0024582
0.038126 0.0066643 0.10168 0.00010908 0.0014932 -0.0021876
0.0205 -0.037221 0.033943 0.00013074 0.0020404 -0.0030077
0.049976 -0.016305 0.048604 0.00045963 0.0010535 -0.0026396
-0.0083977 0.036937 -0.1058 0.00034409 -3.1115e-05 0.00066671
-0.0053776 -0.014752 -0.11838 -0.00032369 2.7273e-05 0.00075271
0.045751 -0.060078 -0.083241 0.00047809 0.00020357 0.0017691
-0.025353 0.061945 -0.031089 -0.00023346 -0.00019799 0.0015662
-0.0045676 -0.10133 -0.062547 9.7597e-05 0.00011734 0.0014251
-0.017338 0.04765 0.0095461 0.00029757 3.824e-05 0.0016214
-0.02828 -0.12021 -0.08686 0.00011342 0.00051955 0.0013476
-0.034518 0.0017586 -0.048604 -0.00030515 0.0004064 0.0011253
-0.021134 -0.089851 -0.046435 0.00013889 0.0010197 0.00091549
-0.0096194 0.020758 -0.035621 -0.00016168 0.00074504 0.00081062
-0.015953 -0.042966 -0.04166 0.0004101 0.00079402 0.0007346
0.024137 -0.032178 -0.04274 0.00063415 0.00093507 0.00081375
-0.017323 -0.0051883 -0.064389 0.0006622 0.00073746 0.00081389
-0.013692 0.0044634 -0.063863 0.00087226 0.00080768 0.00052878
0.00019732 -0.013474 -0.058281 0.0010505 0.00083425 0.00045776
-0.0097853 0.027254 -0.043669 0.0007159 0.00097041 0.00019365
-0.014826 -0.0098073 -0.071873 0.00078461 0.00078804 0.00038264
0.010352 -0.074379 -0.18375 0.00056831 0.00019578 -1.3327e-05
-0.0075329 0.057604 -0.097796 0.00090831 3.7137e-05 0.00043634
0.0044226 -0.091801 -0.13544 0.0008492 -0.00025306 0.00080983
-0.00011725 0.020547 -0.055932 0.00033697 6.2455e-05 0.0011041
0.0066383 -0.09583 -0.057455 0.00076111 0.00043869 0.0012294
-0.033916 -0.032454 0.0031172 0.00025601 0.00019135 0.0012921
0.018183 -0.070915 -0.030059 0.0010696 0.00033333 0.0015651
-0.031053 0.000116 -0.017241 0.00093796 0.00036682 0.00099952
-0.0031943 -0.07529 -0.043308 0.00078839 0.00044885 0.00064459
-0.0010177 0.021991 0.03414 0.0010346 0.00069219 0.0011971
0.012046 -0.054772 0.034714 0.0014728 0.00052404 0.0011355
-0.012682 0.0090391 0.012012 0.0011159 0.00063852 0.0012859
-0.031301 -0.060617 -0.039691 0.0013415 0.00088024 0.0011238
-0.0071675 -0.046402 -0.008223 0.0010925 0.00064558 0.0010187
0.0019786 0.020835 0.012315 0.00085192 0.00054126 0.0010412
-0.0010474 -0.086364 -0.038472 0.00070552 0.00055388 0.0014953
0.0041339 -0.052066 -0.08276 0.00070768 0.00051855 0.0017491
-0.051875 0.0042336 -0.00034916 0.00055908 0.00077487 0.0013125
0.0087945 -0.094965 0.033932 0.00082127 0.00070301 0.0014083
-0.016487 -0.049468 0.069075 0.00055657 0.0010385 0.0015092
-0.014131 -0.0686 0.049362 0.00054894 0.00077347 0.0013491
-0.0074202 -0.092349 0.05038 0.00028289 0.00061956 0.0015102
-0.020922 -0.030945 0.057742 0.00027832 0.00071888 0.0014842
-0.017435 -0.041537 0.047186 0.0005036 0.00050005 0.00144
0.010115 -0.082413 0.064649 0.00060582 0.00060775 0.0014921
-0.033939 0.013508 0.095772 0.00076107 0.00026586 0.0013299
0.029071 -0.080719 0.058858 0.00087777 0.00018213 0.0014873
-0.019134 0.010485 0.12105 0.00037369 0.00022732 0.0015906
-0.015588 -0.057758 0.08717 0.00095154 1.2029e-05 0.0017583
0.010263 -0.049433 0.097991 0.00083345 0.00017469 0.0019467
-0.020015 0.0085712 0.12461 0.00091433 1.407e-05 0.0016935
-0.0045469 -0.01436 0.10643 0.0015138 6.0829e-05 0.0017119
0.008013 -0.056224 0.073241 0.0010497 0.00013061 0.0022084
-0.032438 -0.0022528 0.075541 0.00076312 0.00016596 0.0024512
-0.021555 -0.063283 0.082554 0.00087765 -0.00027549 0.0022669
0.0045939 -0.069219 0.081359 0.00087141 1.9658e-05 0.0021215
-0.028525 -0.026784 0.082093 0.00041705 -0.00039741 0.0018705
0.0011537 -0.096697 0.090565 0.00031787 -0.00028558 0.0018377
-0.016018 0.03348 0.11954 0.0011837 -0.00061235 0.0015722
0.0086116 -0.1065 0.10616 0.0012334 -0.00047196 0.0013718
-0.01914 0.020401 0.14015 0.0011931 -0.00058222 0.0010834
0.037362 -0.11808 0.095493 0.0011066 -0.00038942 0.0012119
-0.0033053 -0.0033121 0.091145 0.00097174 -7.1061e-05 0.00086889
-0.0031516 -0.0066308 0.079528 0.0012629 -0.0005203 0.00067687
0.020026 -0.08008 0.021362 0.0019027 -0.00032269 -1.8337e-05
-0.013901 -0.0055006 0.0091732 0.0017533 -0.00052655 -0.00076408
0.041487 -0.018252 0.027398 0.0007553 -0.00081565 -0.00078844
0.022291 -0.050659 0.043062 0.00015934 -0.00085619 -0.00075368
0.029829 0.0091915 -0.013181 0.0013414 -0.00080338 -0.00062513
0.035842 -0.049874 -0.039857 0.0015276 -0.00064316 -0.0007383
0.017292 -0.068723 -0.13174 0.0019259 -0.0014636 -0.00051737
0.073165 -0.026877 -0.091473 0.0027758 -0.00090883 4.3203e-05
0.021261 -0.046009 -0.016981 0.0021106 -0.00079577 0.00018435
0.016225 -0.065898 0.00068476 0.0016647 -0.00025818 0.00028921
0.020995 -0.12907 -0.015047 0.0014391 -0.00047991 -0.00018322
0.046963 0.0073399 -0.0076698 0.0016105 -0.00046471 -0.0001686
0.0014243 -0.03611 -0.009672 0.0021906 -0.00041002 -0.00032731
0.067032 -0.08482 -0.050804 0.0021304 -0.00054921 -3.9832e-05
0.011489 -0.020686 -0.0097956 0.0020383 -0.00052608 8.2523e-05
0.012994 -0.029727 -0.022121 0.0022773 -0.00053183 0.00010654
0.00027376 -0.065703 -0.031444 0.0021939 -0.00074262 -0.00057688
0.026087 -0.0034389 0.010423 0.0017661 -0.00083196 -0.00058097
0.027018 -0.017862 -0.010657 0.0019606 -0.00069453 -0.00043877
0.03944 -0.094789 -0.021313 0.0014937 -0.00085531 -0.00020675
0.023472 0.006301 0.0087482 0.0012353 -0.00078823 7.7215e-05
0.012834 -0.055307 -0.030787 0.0015823 -0.00078217 -0.00014041
0.027962 -0.046018 -0.034232 0.0013775 -0.00062232 6.6477e-05
0.012036 -0.0223 -0.036654 0.0010673 -0.00092157 -3.4684e-05
0.026519 -0.093335 -0.062009 0.0012364 -0.0011344 -6.6168e-05
0.011372 -0.066785 -0.0098702 0.00071509 -0.0011627 -0.0001299
0.0065695 -0.016154 -0.01056 0.0011552 -0.001381 -0.0002306
0.028903 -0.097246 -0.0096753 0.00083704 -0.0011311 -0.00053346
0.048996 0.011727 -0.23185 0.0022556 -0.0014198 -0.00052264
0.033496 0.047216 0.080034 0.0015404 -0.0015529 -0.00037036
0.029406 -0.11044 0.056097 0.0016413 -0.0012035 -0.00034169
0.0424 0.010892 0.03562 0.0012338 -0.0014285 -0.00037423
0.02624 -0.017368 0.14858 0.0012325 -0.00089053 -0.00043327
0.034268 -0.12002 0.041246 0.0015217 -0.00085047 -0.00052384
0.031579 0.030765 0.099752 0.0011618 -0.00066791 -0.00052711
0.028121 -0.042734 0.04543 0.0012257 -0.00091952 3.4615e-05
0.038681 -0.063835 0.083225 0.00088479 -0.00098513 0.00034809
0.011384 -0.019628 0.060608 0.00077659 -0.0012607 -0.00026844
0.038985 -0.12078 0.15435 0.0011522 -0.00075158 -0.00014257
0.021091 -0.043213 0.15236 0.0009627 -0.00069075 -0.00034501
0.02906 -0.09167 0.14383 0.00071373 -0.00089453 -0.00019228
0.03257 -0.095048 0.12931 0.0005632 -0.00060248 -0.00031627
0.01218 -0.020329 0.14704 0.00088862 -0.00085988 -0.00043403
0.037681 -0.11627 0.1312 0.001263 -0.00068981 -0.00070957
0.016415 -0.022943 0.17129 0.00092911 -0.00064031 -0.0008272
0.041122 -0.060435 0.18429 0.0011392 -0.00062928 -0.00096943
0.0464 -0.096824 0.17845 0.00087133 -0.00049487 -0.0013555
0.031548 -0.025784 0.18272 0.00083528 -0.00046472 -0.0014967
0.059883 -0.083942 0.14397 0.0013248 -0.00096312 -0.0014821
0.051219 -0.069993 0.14471 0.00098838 -0.00099196 -0.0013068
0.039458 -0.025763 0.13727 0.0013131 -0.0010371 -0.0012492
0.057269 -0.098437 0.14724 0.00086362 -0.00087955 -0.0013183
0.052155 -0.077196 0.012914 0.0015409 -0.0014982 -0.0010252
0.043775 -0.0067398 0.069107 0.0015077 -0.0016281 -0.0013623
0.065495 -0.092409 0.086515 0.0012289 -0.0014385 -0.0013052
0.046085 -0.059708 0.11095 0.0011668 -0.0020104 -0.0015749
0.09197 -0.13412 0.17449 0.0010487 -0.0012955 -0.001563
0.055127 -0.010812 0.20395 0.00097625 -0.0016108 -0.0014601
0 0 -7.1054e-15 0 0 0
-0.0019783 -0.051645 0.0063136 -8.087e-05 -0.00011313 -0.00020989
-0.0075966 -0.11594 0.038523 -0.00023231 0.00048007 -9.8267e-05
0.025466 0.079151 0.056984 -0.00026597 2.8438e-06 -4.281e-05
-0.014975 -0.19499 -0.01475 -0.00058907 0.00016194 -8.0104e-05
-0.013512 0.03535 0.026277 -0.00082575 -0.00020295 -4.2119e-05
-0.02648 -0.084089 0.023942 -0.00073186 -0.00013791 -0.00040129
-0.004828 -0.0048916 0.0618 -0.00089184 8.4362e-06 -0.00080227
0.005212 0.0050744 0.092216 -0.00043792 6.9364e-05 -0.0011666
0.014781 -0.08519 0.08516 -0.00070592 1.1208e-05 -0.0010189
0.019557 0.020305 0.08745 -0.00089884 0.0001427 -0.0012673
0.011847 -0.044504 0.057813 -0.0010641 -5.333e-05 -0.0011977
0.020348 -0.05882 0.04153 -0.00065466 4.6307e-05 -0.0010511
-0.0032479 -0.005228 0.074686 -0.00045836 -8.0191e-05 -0.0015217
0.011282 -0.08624 0.021214 -0.00068844 0.00046452 -0.0017525
0.024862 0.00096656 0.027499 -0.00088331 0.0004934 -0.0017559
0.011523 -0.037193 0.023903 -0.0011096 4.5495e-05 -0.0018219
0.033953 -0.088415 0.039353 -0.0012732 0.00039145 -0.0013547
0.022165 -0.035557 0.09401 -0.0012788 0.00059607 -0.0014242
0.031004 -0.098134 0.079671 -0.0015842 0.00030353 -0.0013267
0.021239 -0.052582 0.07938 -0.0014346 0.00072613 -0.0015802
-0.00053149 -0.057442 0.073716 -0.0012732 0.00046442 -0.0015474
0.013601 -0.11567 0.071545 -0.001664 0.00052558 -0.0022186
-0.0040341 0.007214 0.073408 -0.0015084 0.00038127 -0.002215
-0.028102 -0.048569 -0.044941 0.00010158 8.5231e-05 9.4672e-05
-0.013375 -0.07942 -0.073359 -8.0597e-05 -0.00038523 -9.2063e-05
0.0075971 0.015963 -0.065641 -0.00023053 -0.00028083 0.00030519
-0.024255 0.00089531 -0.084984 0.00011344 -0.00025724 4.3223e-05
-0.0060192 -0.024511 -0.084843 0.00019855 2.8736e-06 2.0574e-05
-0.033181 0.057919 -0.10543 0.001125 -6.8839e-05 -9.3293e-05
-0.012818 -0.077585 -0.057984 0.00025962 0.00018205 -4.2359e-05
-0.059803 -0.049799 -0.45696 0.0016916 -0.00093378 -0.0003166
-0.020849 0.050788 0.050589 0.00022217 -0.00031245 -0.00049536
0.02434 -0.04188 0.34501 -0.00074639 -0.00066922 0.00079717
-0.011962 -0.13688 0.19179 0.00034278 -0.00094417 0.0013956
-0.010756 -0.10567 0.29335 -5.8768e-05 -0.00061921 0.00168
-0.033571 -0.090259 0.22155 2.3073e-05 -0.00073201 0.0014893
-0.024404 -0.11937 0.26925 -0.00016961 -0.00095122 0.0015672
-0.013811 -0.080023 0.20263 8.9399e-05 -0.000614 0.0017563
-0.027443 -0.10151 0.22675 0.00032748 -0.00046606 0.0013327
-0.028841 -0.076079 0.27258 0.00032656 -0.00052764 0.0014196
-0.021049 -0.076865 0.26536 0.00041435 -0.00090446 0.001275
-0.0055419 -0.088955 0.25301 0.00040867 -0.00043433 0.0014897
-0.020599 -0.038647 0.2696 0.00023614 -0.00081363 0.0014255
-0.018409 -0.10379 0.21526 0.00028402 -0.0010317 0.0012627
-0.0090377 -0.058747 0.23497 0.00025392 -0.00082131 0.0011764
-0.018976 -0.052886 0.22636 0.00012607 -0.0008248 0.00064293
-0.0071402 -0.10111 0.21115 0.00057309 -0.0010564 0.00046561
-0.0042295 -0.025625 0.23571 -0.00029505 -0.001494 0.00045733
-0.007779 -0.10754 0.21891 -3.7955e-05 -0.0013374 1.7952e-05
0.017721 -0.093149 0.21775 -5.5028e-06 -0.0016811 6.5062e-05
-0.016777 -0.035136 0.25577 -0.0001801 -0.0014947 -0.00055472
0.036109 -0.15849 0.27059 -6.7962e-05 -0.0012413 -0.00049551
0.019256 -0.051665 0.26931 -0.00061957 -0.00093096 -0.00034674
0.003818 -0.092472 0.21134 -0.00023599 -0.00079307 -0.00044768
0.032827 -0.085508 0.25313 -0.0004075 -0.00070643 -0.00040268
0.033424 -0.05499 0.28616 -7.7085e-05 -0.00013623 -0.00042611
0.014702 -0.098537 0.2526 -0.00013782 -0.00016564 -0.00070442
-0.040927 -0.011717 -0.10102 0.0004006 0.00045142 -1.8016e-05
-0.036604 -0.012322 -0.1418 0.00042808 0.00068384 -0.00013415
-0.029581 -0.042632 -0.14795 0.00035257 0.00048682 -6.0736e-05
-0.04202 0.031744 -0.14658 0.00024041 0.00030604 1.1147e-05
-0.040222 -0.05261 -0.16674 0.00026577 0.00028196 -0.00040676
-0.027442 -0.0029592 -0.13219 9.8407e-06 -5.5666e-05 -0.00055369
-0.0055003 -0.019311 -0.19904 -0.0002216 -0.0006335 -0.00056275
-0.018879 -0.047539 -0.26028 0.00041295 -0.001258 -0.00011006
-0.027433 0.059574 -0.13865 0.00067719 -0.0016245 -0.00019233
0.027561 -0.11372 -0.20279 0.00032964 -0.0010953 -0.00069595
-0.032662 0.024709 -0.11794 1.6697e-05 -0.0015969 -0.00079689
0.040909 -0.097224 -0.1489 0.00021763 -0.0015786 -0.00077985
-0.015465 0.020683 -0.14446 0.00024384 -0.0017631 -0.00088705
0.021243 -0.074244 -0.17962 1.0695e-05 -0.0019662 -0.0015112
0.025546 0.037126 -0.13964 0.00036858 -0.0019667 -0.0014056
0.037689 -0.069596 -0.16588 0.00057156 -0.0021666 -0.0014749
0.026456 0.011968 -0.13654 0.00019009 -0.0022257 -0.0012196
-0.00042236 -0.027925 -0.15344 0.00044697 -0.0028103 -0.001644
0.025998 -0.051268 -0.128 0.00082708 -0.0024539 -0.00075678
-0.04421 -0.02119 -0.042527 0.00014914 0.00041798 0.00030435
-0.030072 0.013636 -0.013287 0.00012007 0.00060216 2.6188e-05
-0.044955 -0.10688 -0.050307 0.00025346 0.00085827 -0.00033246
-0.046084 0.031862 0.0057822 -0.00033939 0.0018201 -0.00087212
-0.037133 -0.0761 -0.016413 -0.00013032 0.001515 -0.000388
-0.03559 -0.053793 -0.030233 -0.00038046 0.0012943 -0.00033113
-0.037168 -0.022139 -0.0033535 -0.00012454 0.0011802 -0.00083722
-0.01645 -0.10797 -0.015289 -0.00039782 0.00087649 -0.0010884
-0.013574 0.0053665 0.0076736 -0.00064356 0.00067972 -0.00094968
-0.011247 -0.1307 0.0086339 -0.00054313 0.00068515 -0.0012644
0.0054729 -0.024206 0.039508 -0.00047612 0.00074249 -0.0012378
-0.023593 -0.054949 0.0048785 -0.00030158 0.0005079 -0.0017272
0.0021961 -0.070153 0.048576 -0.00039277 0.00089659 -0.001695
-0.0040345 -0.028937 0.051767 -0.00048645 0.0012917 -0.0016537
-0.01992 -0.081214 0.050797 -0.00053347 0.001009 -0.0019967
0.013143 -0.046791 0.041022 -0.00034896 0.001156 -0.0019865
-0.010693 -0.0064293 0.050075 -3.8857e-05 0.00083158 -0.0023126
0.02913 -0.091427 0.027352 -0.00022884 0.00074535 -0.0022079
0.013934 -0.024212 0.0023145 -0.00030818 0.00073872 -0.002074
-0.013743 -0.045156 0.0075841 -0.000234 0.00036637 -0.0021858
0.031871 -0.088876 -0.012842 -0.00052045 0.0005775 -0.0027004
-0.0035893 -0.022874 -0.004845 -0.00057884 0.00020523 -0.0018591
-0.053877 -0.05389 0.019286 -0.00047308 9.6242e-05 0.00074647
-0.019678 -0.11527 0.012216 -0.00014833 -2.379e-05 0.00064149
-0.032797 -0.013266 0.033125 -0.0004294 -0.00014845 0.00052714
-0.028888 -0.084185 0.015452 -7.9547e-05 5.3884e-05 0.00069426
-0.019214 -0.069472 -0.0054122 0.00018375 0.00020139 0.00083852
-0.044686 -0.0022946 0.018513 0.00021143 -6.5011e-05 0.00073558
-0.022818 -0.099096 0.032517 0.00010406 0.00038926 0.00044414
-0.031791 -0.013074 0.060144 0.00055395 0.00028307 -0.00031958
-0.025056 -0.086111 0.034515 0.00049057 -5.996e-05 -0.00072453
-0.005179 -0.066814 -0.0053488 0.00098299 0.00010458 -0.00065672
-0.026676 -0.015882 -0.027684 0.00085938 -0.00030313 -0.00043558
-0.011147 -0.053179 -0.052749 0.00078107 -0.00020209 -0.00081558
-0.0166 -0.041106 -0.022242 0.0010353 -0.00036006 -0.00069201
-0.012054 -0.0094321 -0.016306 0.00092042 -0.00046301 -0.00064379
-0.030662 -0.09644 -0.016839 0.0003266 -0.00029689 -0.0005513
0.011786 -0.059533 -0.085208 0.00050373 -0.00078299 -0.00084971
-0.024855 -0.019246 -0.08923 0.0006414 -0.00087885 -0.0011823
0.017247 -0.13027 -0.035943 0.00062009 -0.00070159 -0.00057964
-0.01146 -0.023266 -0.043323 0.0010026 -0.00067184 -0.00077358
0.0048431 -0.13874 -0.042653 0.00091619 -0.0003426 -0.00062437
-0.018845 -0.047964 -0.017906 0.00090066 -0.0002937 -0.00087933
-0.0066068 -0.082073 -0.020397 0.0010206 -0.00016839 -0.00065818
0.0020143 -0.096721 -0.049183 0.0007457 -0.00012827 -0.00052278
-0.019475 -0.015987 -0.031197 0.0011716 -0.00017318 -0.00039479
-0.024621 -0.095581 -0.063361 0.00095993 -0.00034514 -0.00082383
0.0047285 -0.033857 -0.072248 0.00077594 0.00027873 -0.00088282
-0.039529 -0.016699 -0.098653 0.001198 8.0375e-05 -0.0010603
-0.013945 -0.078124 -0.094902 0.00096475 8.2385e-05 -0.0012183
-0.023076 -0.02028 -0.08159 0.00088998 -0.00029368 -0.0013096
-0.027039 -0.024988 -0.065657 0.00057224 -0.00077105 -0.0014521
0.034744 -0.12229 -0.13517 0.00033072 -0.00060787 -0.00069926
-0.019032 0.008846 -0.099309 0.0011935 -0.0010507 -0.00033749
-0.013585 -0.082219 -0.12034 0.0015459 -0.00068612 -0.00055964
0.0048047 -0.088054 -0.096154 0.0012154 -0.00066149 -0.00067226
-0.0080847 -0.0066853 -0.040042 0.0014819 -0.00065115 -0.0005218
-0.025446 -0.10565 -0.096592 0.0013373 -0.00041938 -0.00065121
0.0098933 -0.060638 -0.091344 0.0010122 0.00010766 -0.00047581
-0.019486 0.0008021 -0.07768 0.0013383 -2.6345e-05 -0.00037044
-0.012132 -0.11841 -0.064588 0.0017258 0.00021148 -0.00046885
-0.033844 -0.038034 -0.049967 0.0017291 0.00022296 -0.00061696
-0.028349 -0.018745 -0.073747 0.0018385 -8.559e-05 -0.00079041
-0.017449 -0.083349 -0.068879 0.0017317 -0.00028701 -0.00073577
-0.014585 -0.034103 -0.075956 0.0017704 -0.00027831 -0.00077248
-0.037559 -0.050472 -0.090933 0.0014435 -0.00019471 -0.0011183
-0.026498 -0.042757 -0.10252 0.0013406 -0.00071902 -0.0013686
-0.0079204 -0.0010185 -0.1048 0.00165 -0.00087262 -0.001178
0.0017573 -0.07484 -0.1106 0.0014504 -0.00087312 -0.0014807
0.01973 -0.036176 -0.089568 0.0013664 -0.00053914 -0.0007559
-0.02977 -0.039856 -0.11031 0.0012436 -0.00075723 -0.0013203
0.0001329 -0.11983 -0.09553 0.0015259 -0.00092798 -0.0015385
-0.001827 -0.044958 -0.050559 0.0014938 -0.00092464 -0.0015405
-0.024583 -0.080279 -0.072719 0.0013399 -0.0012073 -0.0020346
0.012359 -0.067316 -0.027405 0.0011395 -0.0010767 -0.0018998
0.019295 -0.013819 -0.048455 0.0016867 -0.0014346 -0.0023091
-0.015629 -0.10918 -0.040237 0.001278 -0.0012291 -0.0019033
-0.00096271 0.025103 0.0065494 -2.2821e-05 0.0008167 0.0020451
-0.10293 -0.078645 0.0041147 -0.00014622 0.00071484 0.0014539
-0.054898 -0.071122 -0.049275 -0.00014424 0.00075101 0.0014165
-0.084059 0.0078669 -0.020344 0.00020187 0.00062806 0.0012124
-0.023595 -0.084568 -0.045851 0.00013847 0.00076866 0.0013948
-0.02859 -0.0021742 0.042214 -0.00010201 0.0011889 0.0021152
-0.0924 -0.03585 0.015348 -0.00050003 0.0014162 0.0021308
-0.044697 -0.083058 -0.010662 -0.00017528 0.0014345 0.0023632
-0.085833 -0.018762 0.028463 -0.00022045 0.0013886 0.0023749
-0.12253 -0.066403 0.050894 -0.00025788 0.0016795 0.0021254
-0.064296 -0.092982 0.068946 -0.00056508 0.0012373 0.0018582
-0.089359 -0.029505 0.045215 -0.00048076 0.0010973 0.0017283
0 0 0 0 0 0
-0.043358 0.031186 0.075483 -0.00067289 -0.00011629 -0.00036875
-0.021685 0.028046 0.056618 -0.00064939 -0.00027859 -0.00054973
-0.0078679 0.016665 0.12998 -0.0010572 -0.00023297 -0.00091528
-0.013944 0.015518 0.15185 -0.0012928 -0.00052175 -0.00084067
0.0030467 -0.035263 0.10582 -0.0018327 -0.00013444 -0.0010521
0.0026152 0.027547 0.11684 -0.001617 -0.00019134 -0.0012269
0.0037053 0.039127 0.10659 -0.0011208 3.6433e-05 -0.0014825
0.0016956 -0.01594 0.16515 -0.0012707 -5.4191e-06 -0.0021111
0.023936 0.062756 0.15146 -0.0012066 0.00017888 -0.0022965
0.02263 -8.9386e-05 0.16668 -0.0013286 0.00021302 -0.0021988
0.033837 0.047899 0.099161 -0.0013165 0.00032069 -0.0018947
-0.0072531 0.014049 0.092167 -0.00081073 0.00010394 -0.0022056
0.029004 -0.020839 0.081222 -0.0012215 -1.3132e-05 -0.00223
0.030187 0.072778 0.12587 -0.0015981 0.00049863 -0.0021892
0.015901 -0.026508 0.06615 -0.0017408 0.00038523 -0.0019542
0.02137 0.028705 0.10004 -0.0019305 0.00017069 -0.0014243
-0.0045051 0.017348 0.065718 -0.0017511 0.0001059 -0.0017928
0.03588 -0.0086849 0.12425 -0.0015967 0.00036023 -0.0015125
0.023132 0.0073114 0.09631 -0.0014945 0.00063905 -0.0017418
-0.020436 -0.023047 0.15798 -0.0023441 0.00035822 -0.0017648
0.066987 -0.030513 0.042625 -0.0022399 0.00015404 -0.001465
0.018042 0.049474 0.089909 -0.0017399 0.00013027 -0.0014173
-0.021289 0.0068264 0.096997 -0.0015806 0.00021954 -0.0017003
0.019258 0.0077642 0.076581 -0.0014908 0.00047615 -0.0019302
0.019327 0.025594 0.16133 -0.00093085 0.00041864 -0.001508
0.008254 0.0034957 0.13055 -0.0012669 0.0003173 -0.0019264
0.040089 -0.01434 0.076684 -0.00048301 0.00079569 -0.0018352
0.027766 0.066739 0.020977 -0.00018817 0.0011494 -0.0017598
-0.031815 0.045829 -0.00067623 0.00059707 0.0010934 -0.0025328
0.030093 -0.028802 -0.044167 0.00050368 0.0013096 -0.002368
0.0015851 0.051647 0.012616 0.00053808 0.0019908 -0.0022741
-0.018323 0.031038 0.0031353 0.0014096 0.0019516 -0.0026366
0.0018438 0.018737 -0.0089504 0.00070324 0.0016201 -0.0026407
-0.0039446 0.029886 0.018431 0.00047514 0.0017575 -0.0023582
-0.00090875 -0.051722 0.0026416 0.00020067 0.0015977 -0.0023714
0.0079468 0.022645 0.038965 9.5813e-06 0.0020017 -0.0024816
-0.022806 -0.0073622 0.051137 0.00051668 0.0017531 -0.0026583
0.0021792 -0.04656 0.098514 -0.00016846 0.0024004 -0.0024901
0.0024243 0.025042 0.11164 0.00022747 0.0010842 -0.0020379
0.006359 -0.01379 0.11437 0.0003588 0.00080995 -0.0017962
-0.018848 -0.02224 0.1217 0.00031154 0.0022632 -0.0031231
0.0017004 0.070938 0.096878 0.00013585 0.0015307 -0.002375
-0.012331 0.037596 0.036242 0.00048163 -0.00019317 0.0006951
-0.029738 0.0045425 0.04302 1.9804e-05 -0.00032801 0.00094485
-0.051187 0.053549 0.041512 7.2334e-06 -0.00074231 0.00028248
-0.0040058 -0.011681 0.029319 -0.00064779 -0.00057235 0.00076405
-0.034106 0.0058429 -0.093476 -0.00017666 -0.0013635 -0.00019355
0.0032666 0.074134 -0.11141 0.00068464 -0.00092778 -8.3954e-05
-0.021532 0.022043 -0.02884 0.00032937 -0.00058742 0.00056121
-0.015658 -0.019468 -0.036703 0.00066146 -0.00013855 0.00052431
-0.02888 -0.019995 -0.0034515 0.00029753 0.00020048 0.00076597
-0.053305 0.016447 -0.0037822 0.00059842 0.00015702 0.00047463
-0.035276 -0.049495 -0.036593 9.6659e-06 -7.6216e-05 0.00060871
-0.063055 0.028274 -0.014613 -0.00028584 -0.00056005 0.00017376
-0.057366 0.0071468 -0.018542 -8.3463e-05 -0.0013542 -0.00053654
0.0025862 -0.02663 -0.0041985 -8.8434e-05 -0.0013889 -0.00066802
0.012811 0.057855 0.0034706 -0.00031529 -0.0015266 -0.00031021
-0.023891 0.021869 -0.02296 8.1093e-05 -0.0017672 -0.0009848
0.0082051 0.012173 -0.047907 0.00061961 -0.0014756 -0.00072221
-0.0098768 0.075762 -0.02225 0.00064213 -0.001402 -0.00094967
-0.036503 -0.010746 -0.040637 0.00090958 -0.001808 -0.0013888
0.015054 0.027147 -0.040595 0.00077003 -0.0016863 -0.0010798
0.0045227 0.037465 -0.028521 0.00085305 -0.0016813 -0.00097636
0.016393 -0.027136 -0.063084 0.00087109 -0.001505 -0.00088993
0.0056653 0.060801 -0.063544 0.00063581 -0.0016847 -0.00054639
-0.020891 0.013088 -0.060416 0.00076707 -0.0015812 -0.00090577
0.0017356 -0.027573 -0.059466 0.00025524 -0.0015812 -0.0010231
0.020214 0.047485 -0.033964 0.00030869 -0.0014831 -0.0013592
-0.013363 -0.038665 -0.05859 -4.9106e-05 -0.0016696 -0.0017524
0.015453 0.016025 -0.022742 -0.00031335 -0.0012926 -0.0022276
0.018274 0.021453 0.013031 0.00020332 -0.0017978 -0.00080017
0.016939 -0.033923 0.033749 0.00055075 -0.0017915 -0.00034751
0.011167 0.050242 0.032728 0.00048832 -0.0016179 -0.00033613
-0.01645 -0.013122 0.010599 0.00025324 -0.0014576 -0.00033246
0.018313 0.021592 -0.0027642 0.00056303 -0.0011903 -0.00021413
-0.015005 0.063855 -0.006426 0.0009947 -0.0011947 -0.00018582
-0.010931 -0.038612 -0.023325 0.00075702 -0.0011758 -0.00034064
0.0029279 0.047629 -0.033573 0.00061505 -0.0010624 -0.00034459
0.0069295 0.022661 -0.046919 0.00083237 -0.0013387 9.8805e-05
-0.0052052 -0.016716 -0.096317 0.0015502 -0.0011839 0.00036092
-0.036842 0.043441 -0.074324 0.0009153 -0.0018388 -3.9852e-05
-0.010051 -0.022511 -0.079412 0.0008943 -0.0016783 3.0238e-06
0.02253 -0.0040599 -0.058282 0.0010403 -0.0010658 0.00028754
-0.098274 0.029009 -0.06509 0.00095697 -0.0020773 -0.00050491
0.013483 0.007772 -0.081082 0.00081106 -0.0019968 -0.00020791
-0.017923 -0.01096 -0.079797 0.0011287 -0.0015236 -0.00041564
-0.036465 0.019736 -0.065058 0.00063948 -0.0022595 -0.00065045
0.041917 -0.019612 -0.060455 0.0011781 -0.0013989 -0.00090122
0.0096516 0.045622 0.016052 0.0013693 -0.00097844 -3.5915e-05
-0.021831 0.026401 0.00093207 0.0013373 -0.0020313 0.00017654
-0.0043698 -0.008173 -0.026613 0.0013084 -0.001388 -0.00044662
-0.022821 0.047903 -0.018623 0.0017189 -0.0018485 -0.00029988
0.0020872 -0.019391 -0.069801 0.0011764 -0.0020869 -0.00038345
-0.010713 0.022625 -0.088411 0.0011541 -0.0017381 -0.00084797
0.015572 0.074962 -0.079317 0.001394 -0.0020252 -0.00096311
0.036709 -0.028305 -0.072704 0.00093923 -0.0013793 -0.00093463
-0.018381 0.041994 -0.029065 0.00072153 -0.0014791 -0.0013017
0.0030624 -0.054321 -0.053755 0.00068482 -0.0015907 -0.0013712
0.012225 0.007902 0.0015194 0.00055712 -0.0014293 -0.0013307
0.023086 -0.0083212 -0.01414 0.00044853 -0.0015526 -0.0011882
-0.021159 -0.052116 -0.042456 0.00021835 -0.001637 -0.0011255
-0.016608 0.020278 0.040541 0.00048009 -0.0021857 -0.00074761
0.031169 -0.055514 0.024363 0.00067144 -0.0019002 -0.0014267
0.029629 0.0134 0.092567 0.00068896 -0.0018881 -0.0010893
0.0098443 0.0012784 0.095656 0.00097079 -0.0021611 -0.00059735
-0.0027468 -0.030881 0.075037 0.00128 -0.0027538 -0.00018671
-0.013003 0.046161 0.066734 0.0008101 -0.0025594 -0.00014566
-0.022178 0.0065636 0.016672 -0.00042419 0.0011039 4.7028e-05
-0.058081 -0.0011093 0.0037777 -0.00013104 0.0015972 -0.00052503
-0.028704 0.067069 0.024214 -0.00072783 0.0019109 -0.00071672
-0.03135 -0.019543 -0.014296 0.00042648 0.002245 -0.0003803
-0.061857 0.043257 0.02561 -0.00078262 0.0018759 -0.00014588
-0.051814 0.022874 0.011666 0.0001025 0.0018927 -0.00039883
-0.063021 -0.026367 0.11524 0.00031975 0.0013214 -0.0005972
-0.021348 -0.047014 0.0020183 -0.00057398 0.0006152 -0.0007541
-0.0066016 0.018123 -0.02652 -0.00093633 0.00019739 -0.00086659
-0.055185 0.027118 0.059253 -0.00082089 5.2002e-05 -0.0010388
-0.02236 -0.027175 0.04548 -0.00033031 0.00034265 -0.0012482
-0.00843 0.024183 0.17582 -0.00042754 0.00079401 -0.0010645
0.012192 -0.027005 0.096979 -0.00012283 0.0012413 -0.0010232
-0.022022 -0.0066825 0.11413 -0.00021343 0.0012072 -0.00069545
-0.030095 0.040966 0.078651 -0.00039859 0.000875 -0.001076
0.0022891 -0.033655 0.042357 -0.0002846 0.001038 -0.0007942
-0.0088309 0.020738 0.055907 0.00010789 0.00089927 -0.00069183
0.0036308 -0.0054905 0.033059 -0.00015579 0.001723 -0.00017055
-0.0083563 -0.010646 0.041568 -0.00091643 0.002399 0.00044101
-0.071956 0.035137 0.011899 -0.00058011 0.0022252 0.00030383
-0.035549 -0.037249 -0.033142 -0.00061615 0.0019936 0.00052552
-0.066191 0.035241 0.012556 -0.00056734 0.0022267 0.00058455
-0.053626 0.00018835 0.023074 -0.00039253 0.0024105 0.00089417
-0.07142 -0.033856 0.049753 -0.0009021 0.0027275 0.00072595
-0.08803 0.029483 0.061502 -0.00127 0.0020341 0.00045853
-0.069757 -0.049265 0.038049 -0.0013793 0.0020132 0.00011115
-0.0678 -0.032816 0.043987 -0.0013507 0.0014107 0.00021351
-0.015291 0.048713 0.034777 -0.0012011 0.0014129 0.00074064
-0.042377 -0.013182 0.06589 -0.0013997 0.0023848 -0.0002109
0.007212 0.050201 0.073644 0.00023265 -0.00049 0.00088283
-0.064332 0.0085742 0.041904 0.00013916 -0.00097413 0.00044468
-0.019766 -0.013325 0.03073 0.00018944 -0.0008403 0.00042299
-0.013995 0.046061 -0.0014443 0.00068916 -0.0013391 0.00089954
-0.037648 0.012299 0.0097639 0.00023278 -0.0018285 0.00017423
0.0087007 0.0029261 0.0082113 0.00030635 -0.00057342 0.0003067
-0.0040245 0.087373 0.016844 0.00069316 -0.0011899 0.0011577
-0.022384 -0.042414 -0.028184 0.00036259 -0.0011099 0.0010993
-0.016718 0.028877 -0.016207 0.00023608 -0.00063907 0.001524
-0.070199 0.0086866 0.0040148 0.00038318 -0.00081852 0.0010178
-0.049277 -0.064321 0.013742 0.00010726 -0.0013979 0.00063553
-0.028516 0.039189 0.099997 5.746e-05 -0.0017814 0.00033751
-0.0017186 -0.093021 0.013759 0.00017742 -0.0011746 0.00085448
0.010669 0.039985 0.082044 0.00038426 1.0885e-05 0.0018748
-0.06363 -0.10451 0.048816 0.00078516 0.00023764 0.0018788
0.0085955 0.030991 0.11035 0.00065952 0.00081369 0.0019034
-0.041963 -0.070427 0.12041 0.00084868 0.002294 0.0023988
-0.059934 0.039642 0.15642 0.00057794 0.0027598 0.0013888
-0.020528 -0.041673 0.049985 0.00017476 -0.00036011 -0.0012069
0.037859 0.043613 0.047289 0.00011651 0.00025639 -0.00098654
-0.026094 0.0032651 0.025821 0.00080298 0.00027139 -0.001345
-0.014981 -0.0044656 0.08341 0.00044794 0.00018734 -0.0013676
-0.031139 -0.021016 -0.070931 -4.5956e-05 -0.0012825 -0.0021154
0.026094 0.081036 -0.12116 0.00081586 -0.0018192 -0.0018919
-0.0037381 0.037068 -0.047902 0.00088885 -0.00091593 -0.0017384
0.0086321 -0.076228 -0.049966 0.00062794 -0.0012812 -0.0023279
-0.0060684 0.022063 0.033191 -5.0485e-05 -0.00089938 -0.0019981
-0.060131 -0.034652 0.095663 -0.0017099 0.00039155 0.00011619
-0.0094465 -0.10108 0.056566 -0.0016551 0.00028837 0.00017503
0 0 7.1054e-15 0 0 0
0.0056797 0.038241 0.11942 0.00085028 0.00028857 0.00066616
-0.058937 -0.11227 0.1149 -0.00025531 2.3657e-05 0.00012401
-0.00064327 -0.020866 0.14136 0.0002207 0.00029422 -0.00011519
-0.030839 -0.074874 0.08912 0.0010652 0.00061375 -4.3023e-05
-0.050261 -0.026744 0.16523 0.0013161 0.00073146 0.00016474
0.016589 -0.11233 -0.021022 0.0014706 0.00038759 0.00048864
-0.0087725 0.035982 -0.0057893 -0.0021279 0.00022202 0.00045778
-0.043343 -0.001014 0.018091 -0.0015279 -0.00046054 0.00029473
0.012554 0.0012365 0.061641 -0.0018416 -0.0003227 -0.00018604
-0.016638 -0.010512 0.077166 -0.0018432 -0.0002294 -4.9072e-05
0.024001 0.018866 0.049337 -0.0020969 0.00015395 0.00013521
0.0082538 -0.030541 0.033697 -0.0022213 0.00049202 0.00062254
-0.033972 0.052224 0.0015284 -0.002142 0.00030549 0.00089659
-0.028883 -0.058309 -0.019703 -0.0024849 -0.00020485 0.0006076
0.009652 0.08987 0.0023722 -0.0017548 9.4141e-05 0.0015106
-0.026977 -0.05781 -0.015313 -0.0021215 0.00023742 0.0016292
-0.017465 0.016582 -0.015894 -0.0019656 0.00057315 0.0022632
-0.060484 -0.011236 -0.0089696 -0.0017548 0.00029161 0.0023903
-0.040717 -0.060121 0.0079872 -0.0023609 0.00030741 0.0023507
-0.071625 -0.0060526 -0.019066 -0.0024574 0.00021551 0.0024361
-0.047959 -0.049832 -0.049762 -0.0022837 8.5601e-05 0.0025347
-0.068677 0.0064511 0.0061879 -0.00214 0.00075159 0.0024827
-0.063716 -0.015194 0.0013018 -0.0018148 0.00039555 0.0019031
-0.06667 -0.051435 0.039726 -0.0025435 0.00020981 0.0015978
-0.016797 0.031246 0.016547 -0.0022783 0.00031943 0.0020413
-0.067105 -0.068139 0.017141 -0.0022253 0.00054311 0.0016556
-0.068195 0.036948 0.0049746 -0.0017491 8.2331e-06 0.0014635
-0.042782 -0.0020168 -0.024439 -0.0015199 0.00013885 0.0011813
-0.053951 -0.012249 -0.025504 -0.0017849 -0.0003088 0.00088245
-0.046742 0.0344 -0.012579 -0.0020198 -0.00015807 0.00027853
-0.01356 -0.036884 -0.058006 -0.0020418 -0.00019409 0.00017684
-0.01289 -0.001375 -0.043601 -0.0024006 -0.00019004 0.00081015
-0.0051869 0.024072 -0.074858 -0.0025191 -0.00055212 0.0013895
-0.047057 0.014577 -0.052025 -0.0020203 -0.0003643 0.0013318
-0.024186 -0.055924 -0.035371 -0.0023573 -0.00046664 0.0012949
-0.026055 -0.05322 -0.041867 -0.0022056 -0.00032992 0.0014096
-0.045741 0.0038407 0.0083728 -0.0023496 -3.8976e-05 0.0012618
-0.030025 0.0036012 0.0045322 -0.0022739 0.00011451 0.0014716
-0.048945 -0.057687 0.0043374 -0.0022402 0.00028755 0.00095855
-0.041862 0.01648 -0.0115 -0.002128 0.00067354 0.00084342
-0.022975 -0.027233 -0.044702 -0.0022164 0.00066662 0.0010082
-0.042918 0.046075 -0.030048 -0.0020795 0.00080404 0.0014711
-0.053416 -0.0083725 -0.046934 -0.0022754 0.00057103 0.0016196
-0.03655 -0.0024688 -0.040692 -0.0022551 0.00080006 0.0016992
-0.078455 0.048874 -0.047876 -0.0020035 0.00064408 0.0016936
-0.046392 -0.056881 -0.078766 -0.0019723 0.0007365 0.0014662
-0.05624 0.068316 -0.097027 -0.0018929 0.00078873 0.0018553
-0.055914 -0.0011485 -0.10779 -0.0021403 0.00047163 0.0017428
-0.036752 0.002668 -0.11011 -0.00204 0.0011926 0.0027689
-0.072453 0.0055221 -0.064012 -0.0017848 0.00095741 0.0021774
0.01081 -0.073145 0.039457 -0.00095937 -0.00012828 -0.00074706
-0.021927 -0.07624 0.062555 -0.00085019 -0.00034858 -0.00092272
-0.00028066 -0.017158 0.028593 -0.0010503 -0.0010734 -0.0015046
0.04081 -0.074957 0.0013218 -0.00087126 -0.00084997 -0.0012551
0.026053 -0.046473 0.020399 -0.00070426 -0.00090914 -0.0013417
0.018219 0.0091979 0.0537 -0.00058778 -0.00062027 -0.0011875
0.017252 -0.077429 0.057853 -0.00041402 -0.0002793 -0.0013949
0.063233 0.0061412 0.061153 -0.0004575 0.00029991 -0.00060517
-0.0062444 -0.005141 0.070162 -5.406e-06 0.0007623 -0.00016203
-0.037557 -0.093466 0.062508 -0.00041998 -8.4073e-05 -0.00062702
0.0094085 0.016428 0.066227 -0.00041663 -7.7503e-06 -0.00068372
-0.00044341 -0.035363 0.055692 -0.00048412 0.00036115 -0.00065249
-0.0089223 -0.09571 -0.010719 -0.00032321 -0.0002119 -0.00085507
-0.018279 0.063191 0.054124 -0.00067975 -0.00062934 -0.00060788
0.037632 -0.093566 0.037336 -0.0011874 0.0001474 -0.00018586
-0.002416 -0.00061718 0.064449 -0.00069951 0.00020744 4.2561e-05
-0.0039373 -0.11347 0.071698 -0.00092857 0.00075749 0.00023946
-0.044848 -0.029956 0.066036 -0.0008209 0.00025527 -0.00065845
-0.018203 -0.083421 0.085253 -0.0015736 0.00032627 -0.001433
0.0056048 -0.052795 0.080347 -0.0012907 0.0007233 -0.0013585
0.0096122 0.0040868 0.094862 -0.0010067 0.00088993 -0.001594
0.0091926 -0.077466 0.094495 -0.00075942 0.0010254 -0.0017699
-0.0012059 0.019515 0.17084 -0.00078269 0.0014399 -0.0021146
0.018502 -0.077867 0.13213 -0.001082 0.001592 -0.0019789
0.015949 -0.043922 0.11887 -0.0012604 0.001352 -0.0018796
-0.0087882 -0.0058321 0.094807 -0.0011862 0.00062164 -0.0014203
0.002749 -0.068668 0.12571 -0.0012288 0.00043011 -0.0016244
0.029009 -0.0058266 0.15404 -0.0014188 0.00079292 -0.0014791
0.021533 -0.018409 0.15119 -0.0010757 0.00070391 -0.0012734
0.010934 -0.071784 0.10447 -0.0017718 0.00073687 -0.0011341
-0.0098796 0.012775 0.12956 -0.0022217 -8.7759e-06 -0.0014716
0.029148 -0.092937 0.11543 -0.001746 -5.2919e-05 -0.0015328
0.0080702 -0.01858 0.14204 -0.0020129 0.00015858 -0.0018114
0.0057423 -0.046983 0.14467 -0.0018783 0.00039808 -0.0016526
0.013693 -0.060659 0.15375 -0.0023703 0.0003154 -0.0018215
0.018973 -0.049454 0.14474 -0.0018106 0.00036184 -0.0016336
0.0093412 -0.024314 0.16903 -0.0020409 0.00037405 -0.0020419
0.057945 -0.036344 0.16409 -0.001656 0.00091428 -0.0018539
-0.010672 -0.0057156 0.21365 -0.0016213 0.00059915 -0.0015635
0.015048 -0.077251 0.20972 -0.00164 0.00049949 -0.0016314
0.012376 0.01148 0.17106 -0.0016343 0.00058216 -0.001552
0.012429 -0.040598 0.15938 -0.0012292 0.00034276 -0.0016034
0.033985 -0.050845 0.14883 -0.00098302 0.00039111 -0.0012762
-0.0081735 0.0034168 0.18328 -0.0010696 0.00081378 -0.0014763
0.017433 -0.084126 0.23204 0.00032479 0.00058717 -0.00096892
-0.045597 -0.033864 0.27314 0.00094407 0.0007218 -0.00053153
0.033456 -0.11631 0.15372 -0.00092124 -0.00068031 -0.00093927
-0.0015465 -0.015597 0.16611 -0.0012055 -0.0010554 -0.00097329
0.032774 -0.055566 0.13548 -0.0012216 -0.0010527 -0.00083145
0.035379 -0.072403 0.13791 -0.0012291 -0.00083923 -0.00073853
0.01347 -0.033783 0.15193 -0.0012405 -0.00073092 -0.00065848
-0.00072175 -0.056459 0.16297 -0.0011785 -0.00076972 -0.00077226
0.047888 -0.090291 0.14023 -0.0010535 -0.00030685 -0.00081142
0.0137 -0.030443 0.30737 1.9093e-05 0.00095195 -5.9149e-05
0.0064307 -0.080137 0.22353 -0.00084497 0.00095012 0.00076056
-0.011126 -0.032942 0.072341 -0.00063054 0.00065177 0.00095264
-0.050857 0.037288 0.17376 -0.00053894 0.0004009 0.00067686
-0.018544 -0.085145 0.17354 -0.00042029 0.00074933 0.00014763
-0.010012 0.010333 0.23438 -0.000244 0.00036571 0.00051935
-0.027453 -0.090226 0.20041 -0.001134 0.00121 -0.00017423
0.0032743 -0.053207 0.17397 -0.0014007 0.00082424 0.00030008
-0.015495 -0.011885 0.17444 -0.0019503 0.00093457 0.00072935
-0.025455 -0.066098 0.14059 -0.0019926 0.00095907 0.0005471
-0.012975 -0.056199 0.1807 -0.001685 0.0014767 0.00077762
-0.062594 -0.038538 0.21219 -0.0014777 0.0011865 0.00028592
-0.018703 -0.093315 0.18151 -0.0021487 0.0010267 0.00024998
-0.020711 -0.058537 0.1876 -0.0019308 0.0014659 0.00062409
-0.037099 -0.045216 0.21651 -0.001433 0.0016373 0.00076921
-0.021351 -0.10096 0.21201 -0.0013974 0.0015862 0.00050962
-0.016729 -0.032681 0.24666 -0.0013202 0.0026244 0.0010076
-0.015828 -0.074903 0.24676 -0.0009072 0.0027413 0.00082192
-0.040705 -0.077514 -0.012278 -0.0016596 -0.0010151 -0.0011522
0.02914 0.062923 -0.030999 -0.0013154 -0.00099675 -0.0014898
0.0019149 -0.025518 -0.031465 -0.0012073 -0.0010322 -0.0016336
0.03325 -0.016577 0.011768 -0.00079592 -0.0020415 -0.00053842
0.033391 0.037037 0.011729 -0.0010834 -0.0023121 -0.00060244
0.017379 -0.073945 -0.042391 -0.00096287 -0.0015595 -0.0010465
0.031634 0.025446 -0.054602 -0.0015467 -0.0018425 -0.00047983
0.025391 0.014845 -0.080494 -0.0013653 -0.0011703 -0.00036635
-0.0089587 -0.027311 -0.035302 -0.00097078 -0.0013795 -0.00025921
0.009262 -0.029392 -0.021212 -0.0014021 -0.0014378 -0.00041817
-0.013815 -0.022565 0.0004073 -0.0016486 -0.0018232 -0.00060609
0.0077303 -0.081762 -0.02196 -0.0016295 -0.0018069 -0.00068527
0.0042853 0.0040235 -0.0021922 -0.0015929 -0.0017748 -0.00093836
0.047591 -0.017727 0.0062883 -0.0010844 -0.0010379 -0.00062498
0.0020734 -0.046322 0.030052 -0.0013632 -0.00057368 -0.00041313
0.0029729 -0.038546 -0.046864 -0.0012945 -0.0018387 -0.00066618
0.016777 0.0028252 -0.048627 -0.00041788 -0.0020327 2.8787e-06
-0.042496 -0.003387 0.068627 -0.001195 0.0008482 -4.8871e-05
-0.014342 -0.021207 0.021946 -0.00068758 0.0011935 0.00037743
-0.042095 -0.05557 0.033821 -0.00082783 0.00038715 0.00038196
-0.0039506 0.0025548 0.026002 -0.00079011 0.00021407 0.00065278
-0.0075293 -0.025576 0.011603 -0.00041914 0.00056217 0.0012041
-0.029913 -0.0038206 0.024902 -0.00063113 0.00073422 0.0013108
-0.053974 0.020506 0.018261 -0.0016791 0.00072771 0.0009066
-0.032126 -0.05751 0.018854 -0.0014189 0.00043004 0.00051142
-0.009007 -0.051508 0.05966 -0.0013464 0.0014775 0.0010657
-0.054056 0.024009 0.06336 -0.0017193 0.0019467 0.00070131
-0.028827 -0.091457 0.056568 -0.0016701 0.0010452 0.00058606
-0.049637 -0.019449 0.071242 -0.0017913 0.00078567 0.00035832
-0.025874 -0.03909 0.10065 -0.0017635 0.0010427 0.00014754
-0.02211 -0.083232 0.11124 -0.0019562 0.0011431 7.1424e-05
-0.011365 0.0055519 0.11053 -0.0019772 0.0014601 1.4881e-05
-0.0092888 -0.043594 0.1357 -0.0015977 0.0018753 0.00053541
-0.038612 -0.026981 0.10641 -0.0014382 0.0018619 0.00034603
-0.034959 0.0033167 0.089013 -0.001564 0.0013494 0.00033551
-0.038035 -0.056616 0.081848 -0.0017123 0.0011734 0.00021528
-0.0065267 -0.0093189 0.083748 -0.0017369 0.0013801 0.00075585
-0.040246 -0.022131 0.076926 -0.0015898 0.0016934 0.00075063
-0.026657 -0.05683 0.11136 -0.0017932 0.0016912 0.00090624
-0.036433 -0.0015826 0.10789 -0.002093 0.0013656 0.00079799
-0.055242 -0.10547 0.11033 -0.00198 0.0012727 0.000666
-0.03184 0.025792 0.11393 -0.0020782 0.0012065 0.000682
-0.048069 -0.11719 0.075396 -0.0024084 0.0013034 0.00052266
-0.024112 0.027212 0.084349 -0.0023056 0.0015834 0.00042137
