   0.0000000e+00  -1.4925613e-14   0.0000000e+00   6.1629758e-33  -8.5528471e-50  -1.3877788e-17
  -5.1612949e-03  -6.6580318e-03   1.2937499e-02  -3.4636655e-04  -9.9801013e-06  -3.2339999e-04
   2.8731033e-02   2.0979720e-02  -1.0016261e-02  -1.5417121e-04  -7.3887563e-05   2.1284241e-05
  -1.1689100e-02   4.9781601e-02   2.9978855e-03  -3.3018907e-04   6.9094437e-05   3.8298423e-04
  -4.0028827e-03  -7.6498348e-03   1.3408081e-02  -2.6380672e-04  -2.9204290e-05   2.2642759e-04
   2.2539931e-02  -2.3494994e-03   1.2976476e-02  -2.4069137e-04  -2.7584040e-04   3.4746361e-04
  -1.9365326e-05   2.2040504e-02   6.0770872e-03  -3.8149878e-04  -1.5874471e-04   3.1918905e-04
  -1.9128768e-02   8.4029149e-02   6.8072731e-03  -6.3849071e-04  -2.2641131e-04   7.7485666e-05
   1.6687994e-02  -1.7651270e-02  -1.9379216e-02   3.1292655e-04  -1.8527274e-05   1.8199927e-04
  -3.9551562e-03   7.2334249e-02   7.8831318e-03   2.0160672e-04   2.6846523e-04   4.1627390e-04
  -7.2446249e-03   9.5414852e-03   7.2756263e-03   3.9356839e-04   1.4578796e-04   3.8617319e-04
   1.0333390e-02   1.4089415e-02  -1.3127386e-02   3.7977833e-04  -1.7765422e-05   1.5205342e-04
   3.6721947e-03   4.4066425e-02  -2.6283266e-02   3.5504503e-04   2.2966031e-04   4.4029470e-04
  -2.1366839e-02   5.5572446e-02  -5.1481470e-02   5.2425791e-04   1.3264435e-04   5.8123148e-04
  -2.1597256e-02   1.8651918e-02  -3.1601943e-02   1.9244489e-05   2.9777964e-04   3.8670395e-04
  -1.7538023e-03   1.5621448e-02  -3.3121885e-02   2.2551822e-04   1.4134256e-04   2.0818116e-04
  -2.0286522e-02   8.4146024e-02  -6.9826286e-02  -2.3302139e-04   1.5172658e-04   1.7502700e-04
  -4.4333170e-02   1.0054018e-01  -1.0399435e-01  -5.4625950e-04   1.2246185e-04  -7.4521147e-05
   1.4471146e-02   2.6133934e-02  -9.3359944e-02  -4.0573282e-04   6.7454155e-05  -5.7858145e-05
   2.1498452e-02   1.7386381e-02  -6.4090425e-02  -1.3122967e-04   3.2414244e-04   3.6429747e-04
